"OBJECTID" "x" "y" "coarse" "clay" "silt" "sand" "pH" "OC" "N" "P" "K" "CEC" "pH_class"
1 789503.5075 5318237.517 12 21 41 38 6.32 17.8 1.8 20.1 126.8 12.6 "acidic"
2 773299.8177 5334066.355 8 23 72 5 5.56 18 1.8 60.6 234.3 10.4 "acidic"
3 773620.7627 5308044.702 14 22 58 20 5.1 27.7 2.5 15 70.1 8.3 "acidic"
4 766972.1728 5360016.34 13 17 54 28 7.34 12.5 1.4 27.6 17.6 12.7 "neutral"
5 765574.1178 5311956.01 12 18 56 27 6.12 31.5 3.2 24.1 68.1 18.7 "acidic"
6 763222.2765 5339957.13 5 17 74 9 6.6 12.4 1.4 55.6 123.9 12.9 "neutral"
7 763674.4238 5303925.862 50 22 39 39 7.2 103.3 7.6999998 49.3 111.9 36 "neutral"
8 759071.3261 5351917.454 5 19 63 18 7.39 17 1.9 84.2 0 16.5 "neutral"
9 759246.4753 5337907.87 35 21 69 10 7.02 36.1 3.8 76.6 74 22.5 "neutral"
10 759699.8702 5301879.651 9 33 60 7 6.24 72.8 6.6999998 54.4 764.4 27.5 "acidic"
11 756896.7245 5365898.747 27 21 38 42 6.15 19.1 1.7 68.1 241.7 10.8 "acidic"
12 754942.4422 5361877.424 20 17 57 26 6.72 15.2 1.7 74.6 139.7 15 "neutral"
13 753585.4466 5311847.987 23 14 56 30 7.54 30.7 3 72.7 107.9 21.3 "alkaline"
14 749374.9679 5327783.334 33 17 45 38 5.44 17.4 1.8 44.7 96.5 7.8 "acidic"
15 747123.7332 5347773.106 17 20 63 17 7.29 20.2 2.2 19.6 94.9 16.6 "neutral"
16 745452.8477 5321735.839 47 28 42 30 6.89 57.1 5.4000001 17.9 87.9 31.4 "neutral"
17 741023.1994 5355706.783 29 25 54 21 7.32 50.4 5.4000001 86 657.7 33.9 "neutral"
18 741425.7518 5323691.462 9 8 39 53 7.43 11.1 1.2 0 132.1 9.5 "neutral"
19 737249.4705 5337649.39 20 16 41 44 7.26 30.2 2.9000001 64.6 210 30.2 "neutral"
20 737529.9661 5315635.416 16 18 52 30 7.03 38 3.7 35.2 191.7 20.7 "neutral"
21 735121.08 5347621.378 4 19 54 28 3.81 49.5 3 24.2 45.1 10.6 "acidic"
22 735350.4302 5329622.788 19 19 47 34 6.85 40.4 4.6999998 86.6 187.4 19.4 "neutral"
23 733300.3248 5333598.581 34 18 65 17 7.61 30.5 2.7 48.2 145.2 17.8 "alkaline"
24 733754.7194 5297577.877 25 7 37 55 7.24 32.2 2.5 10.6 35 13.6 "neutral"
25 728897.7073 5365571.112 14 22 52 26 6.8 15.8 1.7 42.1 106.4 16.4 "neutral"
26 729505.8547 5317541.517 18 31 53 17 6.19 83.7 8.5 33.6 106.9 35.2 "acidic"
27 729804.9746 5293527.51 23 41 45 15 6.39 41.1 4 15.5 116.8 24.4 "acidic"
28 725505.0871 5317496.791 27 18 43 39 6.87 197.3 12.5 42.9 102.4 73.7 "neutral"
29 723759.1057 5297459.952 19 31 56 13 7.13 68.9 6.5999999 65.1 125.3 40.8 "neutral"
30 719027.6464 5355447.63 15 14 73 12 7.51 11.2 1.3 71.2 187.5 12.2 "alkaline"
31 719633.5084 5307419.201 21 28 36 36 6.16 33.5 3.2 23.7 162.4 24.6 "acidic"
32 714798.7556 5373406.391 4 22 69 9 7.44 12.3 1.4 59.3 313.3 17.5 "neutral"
33 713154.8625 5345368.381 14 27 69 3 6.46 21 2.2 40 79.6 18.4 "acidic"
34 707370.5758 5335263.239 28 22 45 33 7.84 28.3 2.7 73.6 324.7 24.1 "alkaline"
35 704857.6857 5369280.276 24 22 44 35 7.52 33.8 3.4000001 79.2 88.8 27.5 "alkaline"
36 705765.7619 5297246.327 17 26 57 18 5.23 45.7 4.3000002 41.1 116.6 13.5 "acidic"
37 700340.2527 5409247.302 11 23 54 23 8.14 38.2 2.5999999 21 104.5 24.4 "alkaline"
38 700623.4548 5387239.586 7 27 60 13 6.77 17.9 1.9 53.2 337.7 14.7 "neutral"
39 700957.6982 5361229.595 3 40 53 7 7.65 63.4 5.6999998 15.5 92.9 55.3 "alkaline"
40 701084.5632 5351226.942 10 28 60 12 7.58 68.1 5.5 51.1 117 50.9 "alkaline"
41 694472.132 5399168.361 19 6 11 84 5.58 6.2 0.7 73.9 100.5 3.5 "acidic"
42 694933.7601 5363158.004 19 15 38 48 6.24 10.3 1.3 35 176.8 6.8 "acidic"
43 692830.7199 5371134.194 12 13 41 46 6.61 15 1.6 59.1 190.7 8.1 "neutral"
44 690239.9392 5417126.464 9 26 59 15 7.69 18.2 1.7 24.1 119.6 20.6 "alkaline"
45 690317.0899 5411119.051 16 23 64 13 7.95 20.1 1.8 62.3 20.5 20.3 "alkaline"
46 690703.1568 5381116.291 15 20 55 25 7.06 14.9 1.5 92.2 235.4 15.2 "neutral"
47 691163.3475 5345101.525 42 19 39 42 7.56 37.7 3.7 37.8 366.6 25.1 "alkaline"
48 686111.5673 5427077.322 8 23 68 8 7.01 16.9 1.8 90.9 387.1 15.1 "neutral"
49 686577.6871 5391067.837 5 21 23 56 6.84 28.2 3 10.7 0 20.9 "neutral"
50 687674.8306 5305036.374 7 33 39 28 6.96 54.4 5.5999999 33.1 218.5 34.5 "neutral"
51 685600.5902 5311014.562 26 19 48 33 7.31 38.7 3.8 10.3 122.6 31.1 "neutral"
52 680372.3792 5406995.946 5 17 48 34 6.33 12.3 1.5 52 184 8.5 "acidic"
53 680449.5756 5400996.914 21 25 50 25 7.66 35.3 2.0999999 47.8 291.5 20.5 "alkaline"
54 680604.4263 5388992.368 5 6 14 80 7.56 32.8 2.4000001 13.3 135.2 18.3 "alkaline"
55 680683.416 5382991.347 6 10 21 69 6.25 8.9 1.1 35 199.1 5.9 "acidic"
56 680914.2294 5364989.56 5 18 62 20 5.72 11.6 1.2 40.1 146.4 9.2 "acidic"
57 681066.4889 5352983.424 2 36 37 26 6.44 28.4 2.9000001 23.9 115.1 26.8 "acidic"
58 676709.9787 5380940.601 14 13 45 43 5.54 13.4 1.6 31.9 120.7 8.2 "acidic"
59 676995.9856 5358942.822 14 15 26 59 7.46 16.2 1.6 84.5 121.5 14.7 "neutral"
60 672246.1741 5416899.524 18 30 49 21 7.89 32.3 2.2 98.2 425.6 23.6 "alkaline"
61 672323.5984 5410898.541 4 15 31 54 7.16 13 1.3 53.4 399.8 10 "neutral"
62 673351.5515 5330876.135 8 9 65 26 6.69 13.2 1.5 67.4 128 11.2 "neutral"
63 673875.4101 5290858.055 11 16 52 32 7.4 44.2 4.1999998 13.4 168.4 36.6 "neutral"
64 669043.9449 5354835.918 9 18 37 45 6.75 13.1 1.6 94.6 262.2 12 "neutral"
65 669097.5872 5350835.098 0 18 28 53 6.02 47.3 4.0999999 40 102.3 21.6 "acidic"
66 664505.182 5396793.712 12 11 14 74 7.33 29.1 2.3 0 264.5 17.1 "neutral"
67 664637.4788 5386794.587 1 7 10 82 5.97 73.8 5.8000002 23.7 373.3 29 "acidic"
68 665892.1724 5288761.189 34 20 49 31 6.84 37.3 3.4000001 20 193.5 27.9 "neutral"
69 664070.1301 5274732.317 21 62 38 1 6.69 113.5 9.8000002 11.3 192.6 63.8 "neutral"
70 658251.3578 5416722.612 23 39 35 26 7.69 32.8 3 77 467 27.9 "alkaline"
71 657845.6271 5292668.413 16 45 43 12 6.8 123.8 8.6000004 17.4 156.6 64.7 "neutral"
72 654331.6117 5410671.485 11 23 61 16 6.54 12.6 1.4 53.2 147.2 13.9 "neutral"
73 650434.7193 5404619.749 10 29 54 17 7.33 27.2 1.9 95.4 543.3 22.1 "neutral"
74 651339.3679 5332605.489 16 27 53 20 6.79 32.2 3.2 50.6 57.4 22.3 "neutral"
75 651748.9338 5300596.223 2 23 41 36 6.35 40.1 4.0999999 47.8 151 20.3 "acidic"
76 647674.9525 5306549.406 0 36 49 16 5.67 63.2 5.4000001 0 99.7 28.5 "acidic"
77 641883.8392 5290469.769 10 31 50 19 5.84 50.8 5.1999998 21.1 115.5 29 "acidic"
78 633763.6891 5300372.276 3 17 61 22 6.84 53.5 5.6999998 13.5 166.6 32.5 "neutral"
79 779726.1406 5458248.906 7 17 37 46 6.49 57.3 5.1999998 16 67.4 17.5 "acidic"
80 775645.7686 5464203.044 10 16 35 48 6.35 15.6 1.6 76.6 543.1 10.1 "acidic"
81 771799.3401 5452146.598 17 11 28 61 7.07 17.4 1.7 139.4 688.1 7 "neutral"
82 765772.7605 5454076.207 17 13 27 59 6.27 21 1.9 74.5 482.4 9.2 "acidic"
83 761720.588 5458028.098 3 23 44 33 5.59 24.4 2.4000001 43.3 282.1 9.5 "acidic"
84 757460.7421 5477987.692 8 20 36 44 7.2 15.8 1.6 65.7 414.3 14.6 "neutral"
85 753173.0338 5499945.916 6 17 51 31 7 15.7 1.5 51.8 183.2 9.9 "neutral"
86 751899.5382 5443901.184 24 21 38 41 6.18 29.5 2.5 14.6 213.3 13.6 "acidic"
87 747536.933 5471861.803 30 10 26 64 6.2 12.5 1.3 63.5 130.9 7.4 "acidic"
88 747820.6265 5449854.031 27 8 24 69 5.37 9.3 1 147.3 280.6 6.5 "acidic"
89 748051.9328 5431844.866 22 22 61 17 8.08 31.1 2.4000001 45.2 138.7 20.6 "alkaline"
90 744805.6543 5527854.857 13 18 30 52 5.34 62.7 5.1999998 15 58.6 15.9 "acidic"
91 746126.964 5425818.263 5 38 46 16 7.26 54.2 5.1999998 22.9 196.4 38.1 "neutral"
92 738751.205 5531779.25 9 18 34 47 6.69 16.5 1.4 95.8 218.3 11.8 "neutral"
93 739118.4144 5503777.803 9 15 32 53 5.96 30.7 2.4000001 17.2 138.3 10.9 "acidic"
94 739405.1348 5481764.237 5 23 37 40 6.07 29.8 2.9000001 15.7 76.6 14.3 "acidic"
95 735325.785 5487720.263 9 13 29 58 7.07 12.6 1.3 45.5 194.3 13.9 "neutral"
96 735871.1323 5445704.767 18 16 33 50 5.78 22.1 2.3 50 305.7 10.2 "acidic"
97 732802.1814 5527701.956 19 15 34 51 5.46 32 2.7 69 71 7.6 "acidic"
98 733430.0704 5479690.554 14 11 39 51 7.21 13.9 1.4 59.4 155.2 12.9 "neutral"
99 730934.0728 5517675.158 12 11 32 57 5.24 15.2 1.7 38.9 79.2 10.3 "acidic"
100 731168.565 5499670.522 15 10 23 67 5.93 9.1 1.1 49.8 243.8 5.1 "acidic"
101 732103.6443 5427645.481 22 24 70 6 7.36 16.6 1.8 54 665.6 18.8 "neutral"
102 729586.6667 5467637.477 5 8 13 79 7.07 14.4 1.2 43.5 189 7.4 "neutral"
103 727746.0266 5455609.857 19 51 42 7 5.6 48.9 4.4000001 0 99.5 20.8 "acidic"
104 727896.5093 5443603.129 9 8 24 68 6.17 9.8 0.9 76.2 145.7 4.8 "acidic"
105 722052.3642 5431527.159 5 20 49 31 7.25 12.9 1.4 48.8 167.8 14.2 "neutral"
106 717559.3779 5469492.847 6 14 8 77 7.39 7.9 0.9 30.5 166.7 10.4 "neutral"
107 711117.0239 5503418.115 5 11 15 73 5.49 23.8 1.8 41.2 42.9 8.8 "acidic"
108 708801.7526 5527395.275 7 20 25 55 5.7 23 2.2 17.3 120.8 8.4 "acidic"
109 709976.3078 5437380.266 8 36 53 11 7.5 20.5 2 49.4 308.9 22.8 "alkaline"
110 706774.9424 5529369.805 8 44 45 12 7.61 33.7 3.2 20.4 203.5 24.6 "alkaline"
111 704958.1672 5515346.442 3 7 18 75 6.17 10.3 1.1 51.8 90.1 7.5 "acidic"
112 703169.4371 5499315.459 4 30 33 37 5.9 36.8 3.2 10.3 68.9 13.4 "acidic"
113 703404.6696 5481313.253 4 18 67 16 7.12 11.3 1.2 25 209.6 10.2 "neutral"
114 701274.8719 5491288.604 5 18 45 37 6.53 22.9 2 29.1 53.5 9.6 "neutral"
115 699924.4947 5441255.214 11 24 68 8 6.49 21.7 2.0999999 82.1 289.9 16.9 "acidic"
116 695873.4313 5445205.712 28 26 60 14 7.11 22.7 2.4000001 87.3 529.5 17.7 "neutral"
117 690960.2221 5515165.181 8 17 41 42 5.35 23.5 2.2 0 45.5 4.7 "acidic"
118 690084.7962 5429126.978 11 26 63 11 7.16 17.3 1.8 22.3 233.5 14.6 "neutral"
119 687434.194 5479110.288 9 22 66 12 7.91 12.7 1.4 25.7 210.2 16 "alkaline"
120 687668.6897 5461107.901 23 21 67 12 6.38 15.2 1.6 50.9 193.3 12.2 "acidic"
121 685877.9615 5445078.411 13 21 69 9 7.55 16 1.6 28.5 219.8 17.1 "alkaline"
122 683512.7445 5473059.219 26 25 36 40 6.93 13.1 1.4 26.8 0 10.1 "neutral"
123 677699.3474 5458980.584 3 8 6 85 5.97 25.2 2.3 27.6 118.6 7.7 "acidic"
124 673751.7012 5454931.176 3 24 12 64 6 22.3 2.0999999 64.3 139.8 12.3 "acidic"
125 632496.6024 5550407.286 5 23 39 38 7.38 14.6 1.6 24.4 247.1 15.4 "neutral"
126 620422.9169 5556246.022 10 27 21 52 7.43 14.2 1.5 52.7 471.5 17.1 "neutral"
127 610586.998 5544117.176 2 52 32 16 8.12 18.8 1.8 78.4 537.9 25.5 "alkaline"
128 608534.2662 5548089.249 13 31 58 11 7.09 30.8 3 14.1 145.2 25.5 "neutral"
129 606269.1351 5568057.612 7 41 41 18 7.12 45.2 3.7 35.1 263.4 26.5 "neutral"
130 605017.9797 5512044.042 7 17 31 52 7.15 11 1.1 42.7 254.1 11.8 "neutral"
131 600405.026 5557980.224 13 21 72 7 6.34 14.7 1.6 22.8 177 12.8 "acidic"
132 598565.705 5545956.476 9 13 48 39 6.91 14.6 1.6 23.8 151.1 11.2 "neutral"
133 596031.4602 5585919.506 4 44 47 9 6.45 21.7 2.4000001 28.8 431.6 20.3 "acidic"
134 594246.2201 5569894.877 29 30 66 4 7.53 16.9 1.7 27.7 233.2 20.5 "alkaline"
135 594676.0884 5537906.559 8 25 25 50 7.71 14.8 1.6 23.2 524.4 16.1 "alkaline"
136 594967.4288 5515910.634 3 17 27 56 6.18 21 2.2 11.3 56.7 12.9 "acidic"
137 590890.698 5521854.605 4 32 27 42 8.02 12.2 1.3 53.3 421.6 12.3 "alkaline"
138 591128.1532 5503859.743 11 39 49 12 8.05 17.7 1.4 40 643 18.9 "alkaline"
139 589081.3006 5507834.644 7 20 32 48 7.23 6.3 0.7 25.1 178.2 10.4 "neutral"
140 586544.6581 5547796.948 11 21 74 5 6.85 10.2 1.3 41.6 259.1 12.5 "neutral"
141 583967.1532 5591741.844 5 33 59 8 7.62 32.9 3.4000001 32.2 349.4 34.4 "alkaline"
142 584918.3297 5519777.743 4 36 60 5 7.93 17.5 1.8 65.7 585.7 19.5 "alkaline"
143 582760.6807 5531748.75 11 29 63 8 8.14 12.9 1.5 38.9 355.1 19.8 "alkaline"
144 580709.7085 5535722.041 17 25 72 3 7.9 13.1 1.5 20.3 239.5 19.2 "alkaline"
145 577029.6942 5511675.142 11 22 64 14 7.12 11.5 1.3 51.4 196.2 14.2 "neutral"
146 572551.0372 5547610.931 27 24 62 15 6.9 38 3 35.7 356.5 26 "neutral"
147 570044.2766 5585570.921 10 12 19 69 5.85 17.2 1.5 18.2 112.3 8 "acidic"
148 570267.7035 5567576.052 11 13 42 45 6.61 9.6 1.1 29 143.5 6 "neutral"
149 569275.1564 5493572.385 4 26 72 2 7.79 12.4 1.5 36.8 196.8 14.6 "alkaline"
150 566877.0154 5523538.024 44 38 52 10 8.12 20.1 2 70.1 534 26 "alkaline"
151 567113.1337 5505545.153 7 36 59 5 7.09 21.6 2.7 22 245.4 25.1 "neutral"
152 564420.8038 5557500.369 14 16 47 37 7.39 24.2 2.3 17.9 279.1 14.2 "neutral"
153 562717.8773 5535478.24 4 42 54 4 6.85 12.5 1.4 29.6 322 24.5 "neutral"
154 558799.2177 5529428.235 12 7 14 79 7.75 8.4 0.8 30 65.8 8.4 "alkaline"
155 554079.1076 5583354.972 5 18 42 40 5.36 24.6 2.4000001 19.2 247.2 5.4 "acidic"
156 554991.9332 5515378.91 14 27 66 8 7.91 10.7 1.4 34.7 194.4 18.5 "alkaline"
157 552857.5573 5525351.401 8 17 78 5 7.06 12.4 1.5 68.3 274.2 14.5 "neutral"
158 553024.2654 5513351.149 23 33 63 4 7.45 16.6 1.7 37 365.6 21.2 "neutral"
159 519172.2855 5502900.858 5 14 40 45 5.96 14.9 1.4 56.3 245.4 7.6 "acidic"
160 510618.5148 5542815.117 10 15 27 58 6.31 14 1.4 48.1 248 8 "acidic"
161 508615.2984 5544746.149 16 14 25 61 5.82 8.7 1 44.9 142.5 8.5 "acidic"
162 508892.6814 5526799.228 3 17 67 15 6.62 8.4 1.1 22.6 107.8 10.4 "neutral"
163 718600.3332 5545446.43 13 12 55 33 6.71 17.2 1.8 42.6 144.8 8.7 "neutral"
164 712460.6419 5553452.41 17 21 41 38 5.89 25 2.0999999 70 208.3 9.3 "acidic"
165 710165.2149 5575427.106 36 18 53 29 7.19 17.1 1.6 41 85.9 16 "neutral"
166 698377.8582 5559269.983 20 16 33 51 5.18 30.5 2.4000001 11.4 48.7 7.3 "acidic"
167 690564.385 5545167.121 18 28 36 36 6.07 25.4 2.5999999 10.6 88.5 17.5 "acidic"
168 686724.0572 5533113.815 7 14 20 66 6.06 10.4 1.1 0 62.2 8.3 "acidic"
169 678247.523 5569007.824 6 17 40 43 6.31 30.8 2.8 0 151.6 12.9 "acidic"
170 676698.7783 5534983.697 10 28 52 21 5.13 27.8 2.8 0 91.6 14.1 "acidic"
171 674831.1076 5524958.252 34 38 46 16 7.74 43.2 3.9000001 143.2 652.7 35.4 "alkaline"
172 670433.2259 5554906.327 6 38 49 13 7.07 29.7 2.9000001 45 475.5 25 "neutral"
173 668727.2518 5532877.794 19 27 57 16 7.65 29.4 2.8 108.5 406.7 24.3 "alkaline"
174 664330.0073 5562824.705 9 19 70 11 6.13 13.5 1.4 41.2 201 12.6 "acidic"
175 663096.3112 5504801.231 2 30 58 12 6.44 20.9 2.0999999 13.4 82.7 17.9 "acidic"
176 656650.9487 5538720.601 19 37 51 11 7.6 18.9 1.9 19 271.3 23.1 "alkaline"
177 654332.2778 5562693.32 5 14 41 45 6.86 15.4 1.5 35.5 116.4 12.1 "neutral"
178 654489.6433 5550694.445 33 41 49 9 7.39 38.7 3.7 58.9 943 37.3 "neutral"
179 654811.649 5526697.6 12 40 45 15 7.78 36.6 3.2 71.6 747.8 32 "alkaline"
180 655043.7637 5508700.305 8 33 30 38 7.95 15.3 1.8 34 295.9 17.6 "alkaline"
181 648280.5135 5566614.546 18 47 46 7 7.49 32 3.0999999 64.1 609.8 29.9 "neutral"
182 644521.5473 5548565.238 47 59 36 5 5.91 48.5 4.8000002 0 405.3 30.5 "acidic"
183 640709.2233 5534517.185 12 19 29 52 7.46 19.1 2 22.2 155.6 14.7 "neutral"
184 638841.6198 5524487.559 13 20 16 64 6.83 22.8 2.0999999 27 99 23.8 "neutral"
185 636733.6071 5532460.989 21 68 23 9 6.35 61.2 6.0999999 12 150.9 39 "acidic"
186 634925.8952 5518439.974 6 15 37 48 6.38 9.5 1 19.6 179.3 9.7 "acidic"
187 626634.6404 5540329.259 4 11 21 69 5.9 13.9 1.5 10.4 62.3 8.1 "acidic"
188 622955.2351 5516279.69 2 13 24 63 6.66 9.3 1.1 50.2 147.3 7.5 "neutral"
189 658950.4766 5362713.46 8 21 31 48 7.05 18.9 2 59 226.6 15.1 "neutral"
190 656694.0403 5382693.463 9 33 34 33 6.63 44.3 5.0999999 17.8 110.9 32.6 "neutral"
191 657081.0473 5352686.338 9 21 51 28 7.48 24.4 2.0999999 16 108.7 19.5 "neutral"
192 651109.7283 5350612.627 12 22 50 28 6.67 14.2 1.6 64.4 235 16.2 "neutral"
193 646828.4278 5372565.512 4 13 26 61 6.05 10.3 1.3 60.9 224 17.9 "acidic"
194 644931.3067 5364537.629 6 33 40 28 7.46 59.7 5.4000001 24.4 100.6 39.1 "neutral"
195 640727.3611 5380492.474 9 21 32 47 7.38 49.3 4.9000001 62.3 117.1 29.6 "neutral"
196 638391.301 5406467.662 7 9 27 63 6.54 14.2 1.4 64.7 204.4 9 "neutral"
197 636573.8071 5392446.128 47 20 44 37 8.08 40.3 1.9 59.6 162.5 18.7 "alkaline"
198 636891.3437 5366441.794 4 11 24 65 6.5 10.5 1.3 59.9 198.2 7.6 "acidic"
199 634627.6686 5388416.518 13 45 33 22 7.5 66.5 6.3000002 54 192.7 54.2 "alkaline"
200 635093.0023 5352409.552 20 33 42 24 7.32 24.6 2.5 45.9 155.1 26.5 "neutral"
201 633302.4742 5336384.897 10 21 72 7 6.61 9.2 1.1 30 157.4 8.9 "neutral"
202 633533.8211 5318378.903 7 34 49 16 6.24 121.2 12.1999998 33.5 86.8 62 "acidic"
203 634042.9082 5278365.453 12 29 41 30 6.35 37.5 3.9000001 0 85.4 20.8 "acidic"
204 631636.7484 5310352.243 8 30 34 36 6.3 43.3 4.4000001 43.1 319.3 23.3 "acidic"
205 629996.8642 5282318.791 4 27 56 17 7.12 55.8 5.6999998 21.8 119.8 31.7 "neutral"
206 627332.9145 5334307.266 7 31 33 36 7.1 68.3 6.5 40.2 211.9 37.1 "neutral"
207 627794.8744 5298296.949 29 28 44 28 7.04 69.4 6.5 67.5 217 33.1 "neutral"
208 623949.7796 5286243.915 6 22 42 36 5.57 30.8 3.3 10.9 56.3 10.8 "acidic"
209 620167.6206 5424237.752 7 43 31 26 7.82 20.1 2.2 23.6 710.4 28.2 "alkaline"
210 620404.1688 5406237.081 12 36 50 14 7.19 32.3 3.3 19.1 173.9 30.8 "neutral"
211 620638.0322 5388236.86 12 30 65 5 7.54 16 1.7 28.2 298.6 19.3 "alkaline"
212 621181.6838 5346232.718 12 25 42 34 5.78 21.9 2.2 12.1 126.5 13 "acidic"
213 621413.5972 5328230.815 7 23 31 46 5.66 32.9 2.7 14.9 42.1 12.9 "acidic"
214 618957.5517 5362222.528 16 8 16 76 5.88 12.9 1.5 57.8 239.1 6.9 "acidic"
215 619620.3213 5312200.649 15 25 61 14 6.39 22.1 2.3 12.8 182.3 12.9 "acidic"
216 619671.9726 5308201.174 7 49 33 18 6.86 61.6 6.3000002 46.6 388.9 49.7 "neutral"
217 620082.2023 5276191.766 24 28 52 20 7.17 55.8 5.6999998 31.6 74.8 28.2 "neutral"
218 617109.0031 5352183.148 7 30 41 30 6.09 36.8 3.5999999 26.5 73 11.2 "acidic"
219 618032.4186 5280166.835 21 14 53 32 6.54 42 4.0999999 0 72 22.5 "neutral"
220 614145.2741 5426159.247 13 39 36 25 7.87 20.6 2.2 80.6 628 25.2 "alkaline"
221 614379.4973 5408160.047 8 31 64 6 6.48 19.1 2 71.2 594.1 20.8 "acidic"
222 614615.612 5390161.392 1 31 58 11 6.04 24.4 2.3 13.2 123.8 18.6 "acidic"
223 614901.7957 5368155.643 9 15 37 49 6.01 12.6 1.6 0 58.5 11.7 "acidic"
224 615031.9989 5358160.763 6 30 52 17 6.22 21.6 2.4000001 39.4 121.1 17.8 "acidic"
225 615134.7247 5350158.049 9 19 33 47 6.94 11.8 1.4 54 170.5 15.4 "neutral"
226 615265.5722 5340156.792 4 16 33 51 5.65 24.2 2.7 12.6 73.3 8.6 "acidic"
227 613651.5585 5310125.158 26 20 46 34 7.2 35.2 3.2 41 211.5 20.9 "neutral"
228 610771.0088 5378107.392 14 26 46 29 7.67 61.1 5.4000001 46.4 126.6 54.6 "alkaline"
229 611781.1589 5300098.909 29 19 54 27 7.28 59.4 5.0999999 35.9 194.7 34 "neutral"
230 609423.9922 5328078.278 12 39 42 19 6.5 122.1 9.1000004 15.9 94.5 62.5 "acidic"
231 609887.2317 5292069.967 10 17 51 32 7.16 55 5.3000002 45.6 239.2 28.9 "neutral"
232 607372.72 5332054.307 13 0 0 0 5.14 251.3 16.7999992 0 78.6 61.9 "acidic"
233 607786.2246 5300047.507 6 25 46 29 5.85 37.8 4 24.3 93.6 15 "acidic"
234 606146.4969 5272012.353 3 27 50 23 6.32 42.4 4.4000001 10.3 85.2 26.9 "acidic"
235 603582.8539 5315999.031 10 30 34 36 6.3 35.7 3.5 18.7 178.1 22.6 "acidic"
236 603816.018 5297997.043 8 26 46 28 5.39 28.6 3 21.2 94.1 13.8 "acidic"
237 600973.9203 5366005.367 9 22 55 23 7.1 18.2 1.9 61.8 495.1 17.3 "neutral"
238 601767.3399 5301970.694 19 31 38 30 7.36 29.1 3 18.1 115.1 34 "neutral"
239 601997.0105 5283965.823 26 30 43 27 6.45 90.7 8.1000004 44.5 134.5 47.8 "acidic"
240 599354.7236 5333950.747 5 14 39 47 6.49 14.8 1.7 47.4 137.4 12.4 "acidic"
241 596628.2534 5389927.826 4 18 28 54 7.95 14.7 1.5 30.7 275.8 15 "alkaline"
242 597381.951 5331925.627 8 23 50 28 6.46 26.1 2.7 33.6 387.6 15.2 "acidic"
243 597563.9979 5317923.85 3 27 37 36 6.05 32.3 3.4000001 14 84.9 17.4 "acidic"
244 595668.8429 5309896.426 4 35 33 32 5.95 38.8 3.9000001 37.3 231 23.6 "acidic"
245 596131.2252 5273888.586 6 19 47 34 6.07 35.2 3.8 10.6 74.6 22.2 "acidic"
246 594082.4708 5277862.665 21 20 46 34 7.38 37.8 3.2 0 71.4 25.9 "neutral"
247 591192.2966 5345847.299 18 20 45 35 6.32 6.1 0.8 10.7 145.1 7.3 "acidic"
248 591826.1824 5297843.22 4 25 41 34 5.54 28.7 3.0999999 0 75.8 13.6 "acidic"
249 588918.821 5367823.351 22 24 45 31 7.53 32.5 2.9000001 69.9 352.7 19.9 "alkaline"
250 589102.2485 5353824.469 5 14 38 48 6.45 13.6 1.5 31.7 116.6 10 "acidic"
251 589802.7404 5299816.911 9 21 34 45 5.53 29.4 2.8 41 196.4 12.6 "acidic"
252 590085.41 5277811.671 6 24 36 41 6.03 25.4 2.8 12.8 214.5 13.5 "acidic"
253 587467.5148 5325795.627 11 15 60 25 6.08 11.2 1.3 64 200.6 9.7 "acidic"
254 587701.3888 5307794.227 13 32 35 33 6.33 43.2 4.1999998 25.3 123.7 26.5 "acidic"
255 576980.3489 5363668.371 14 33 47 20 7.47 22.6 2.7 29.3 336.1 27.4 "neutral"
256 574153.7869 5273606.486 6 22 47 31 5.34 30.7 3.4000001 69.1 142.8 10.6 "acidic"
257 566189.3294 5271503.223 16 26 42 32 5.67 49.1 4.8000002 27.2 95.2 18.8 "acidic"
258 560168.7905 5273426.471 7 25 41 34 5.85 31.4 3.4000001 29.4 71 15.8 "acidic"
259 848381.1016 5411014.339 23 11 28 62 6.36 17.8 1.3 12.2 46 7.1 "acidic"
260 840423.979 5406920.523 5 20 42 38 5.22 32.5 3 19.1 153.9 8.9 "acidic"
261 838498.0663 5400888.686 38 4 27 69 4.73 27.3 1.4 36.8 88.7 4.4 "acidic"
262 830191.3319 5424818.234 20 24 40 36 5.49 40.2 3.3 0 64.5 7.6 "acidic"
263 828515.5912 5402761.07 7 12 27 61 5.27 17.9 1.5 80.9 145.3 8.7 "acidic"
264 826740.921 5380728.076 3 18 77 5 5.36 17 2 0 60.4 8.3 "acidic"
265 822412.6058 5406710.948 20 8 15 76 5.79 21.9 2.2 28.5 145.2 7 "acidic"
266 822863.9725 5370675.754 6 20 58 23 6.8 15.5 1.6 66.6 157.8 11.1 "neutral"
267 818233.2721 5420675.357 11 18 37 45 5.67 26.9 2.5 28.9 64 7.4 "acidic"
268 816705.3376 5382628.053 27 24 45 31 7.27 16.3 1.6 61.8 102.7 21.7 "neutral"
269 812859.7649 5370547.351 13 12 38 50 6.08 14.9 1.8 65.4 246.8 8.8 "acidic"
270 812996.3502 5360528.285 6 20 45 36 6.95 19.1 2 36.5 141.5 12 "neutral"
271 808400.9083 5406547.412 5 21 73 6 6.38 23.6 2.5 28.1 386.7 10 "acidic"
272 804869.4572 5370466.701 23 18 49 33 7.37 18.9 1.9 80.6 223.5 16 "neutral"
273 802478.274 5400470.037 5 13 36 51 7.55 33.1 1.8 54.2 145.7 12.9 "alkaline"
274 800660.1071 5384421.735 4 18 47 35 7 10.8 1.3 40.4 276.1 10.3 "neutral"
275 801013.0067 5366354.446 17 33 58 9 6.8 27.8 2.5 96.6 442.7 21 "neutral"
276 798245.8702 5418439.24 8 15 29 56 4.37 32.4 3.0999999 16.4 62.4 4.5 "acidic"
277 798423.6105 5404427.185 4 32 61 7 7.55 41.9 3.2 113.6 88 29.3 "alkaline"
278 798878.6491 5368396.507 16 20 47 33 5.43 27.7 2.8 12 53.5 10.8 "acidic"
279 796373.0496 5408406.836 11 18 41 42 7.55 28.8 2.2 39.8 129.3 15.7 "alkaline"
280 794550.6496 5396422.971 11 24 70 6 7.94 9 1 45.2 119.2 16.8 "alkaline"
281 794750.7924 5378335.319 7 17 53 30 5.78 12.5 1.4 49.7 210.4 6.7 "acidic"
282 784293.642 5414267.274 11 18 76 6 7.27 10.5 1.3 66.9 352.4 11.2 "neutral"
283 784909.0983 5364221.676 14 20 53 27 5.63 17.3 1.8 15.5 91.9 9.1 "acidic"
284 778369.0531 5408191.091 16 19 68 13 7.78 18.1 1.6 101.2 375.1 15.3 "alkaline"
285 774212.2585 5420157.082 16 16 42 42 7.63 15.1 1.7 103.9 378.8 14.7 "alkaline"
286 774622.5294 5384143.908 32 20 64 16 6.23 16.3 1.8 29.4 118.8 10.4 "acidic"
287 774899.1621 5366121.152 16 16 56 27 6.4 16.2 1.7 54.3 241.1 10.7 "acidic"
288 772025.8598 5434135.069 6 16 43 41 5.83 15.3 1.4 91.2 206 10.5 "acidic"
289 772505.344 5392105.661 9 29 54 17 7.9 21.2 1.9 50.9 381.3 22.9 "alkaline"
290 772849.9869 5370093.194 13 15 36 49 5.71 13 1.5 15.8 65.1 8 "acidic"
291 770440.8472 5402094.321 23 23 59 18 7.81 17.1 1.5 67.8 283.4 17.6 "alkaline"
292 770567.4842 5390129.576 29 24 48 28 7.03 13.8 1.5 88.3 274 17.6 "neutral"
293 768578.6403 5406122.677 13 30 62 8 7.68 17.7 1.9 89.2 313.7 22.7 "alkaline"
294 768797.3339 5374050.299 21 32 47 21 6.55 20.2 2.0999999 64.8 321.1 22.3 "neutral"
295 760132.8915 5425982.779 8 9 21 70 7.36 12.4 1.3 67.8 150.7 7.8 "neutral"
296 758157.3585 5423961.668 4 14 61 25 7.38 45.1 3.0999999 15.9 56.8 21.6 "neutral"
297 758515.3135 5395946.082 28 37 47 16 7.23 148.1 11.1999998 52.6 260.9 83.7 "neutral"
298 754333.2439 5409895.86 6 19 61 20 6.94 13.5 1.4 78.7 384.1 12.2 "neutral"
299 754614.6041 5387893.419 10 17 73 10 6.93 15 1.7 50.6 285.4 13.6 "neutral"
300 744998.1032 5357759.476 8 18 40 42 7.17 21.3 2.2 68.9 64.1 18.1 "neutral"
301 740384.7243 5405734.277 2 26 61 14 7.26 16.5 1.7 54 314 2.7 "neutral"
302 738436.754 5401709.512 8 29 60 10 7.37 18.9 1.9 42.3 235.3 18.9 "neutral"
303 736615.8445 5387675.466 8 24 61 15 7.83 35.1 3.2 33 0 32.7 "alkaline"
304 734362.7364 5407661.986 7 33 39 27 5.62 17.4 1.8 42 255.7 21.5 "acidic"
305 732822.462 5369684.105 2 30 46 24 6.61 11.9 1.4 38.2 202.9 16.1 "neutral"
306 728437.5295 5401586.667 21 26 51 23 6.96 19.3 2.0999999 78.2 353.2 18.4 "neutral"
307 728593.07 5389583.538 26 26 64 10 7.77 14.8 1.7 73.5 344.9 18.3 "alkaline"
308 724132.0383 5425551.43 17 29 31 40 7.09 12.9 1.5 50.2 16.6 17.6 "neutral"
309 720668.8619 5383481.079 15 26 48 26 7.53 11 1.4 35.9 198.1 19 "alkaline"
310 718258.1785 5415469.756 5 27 61 13 7.74 14.5 1.4 72.6 334.2 18.2 "alkaline"
311 714389.2844 5405418.972 2 24 61 15 7.65 13.8 1.5 57.3 218.9 19 "alkaline"
312 714567.8172 5391412.668 8 21 64 15 7.56 17.6 1.8 90.8 231.9 17.4 "alkaline"
313 710259.2758 5415358.303 9 22 40 38 7.51 10.9 1.2 67.5 203.5 15.1 "alkaline"
314 679435.1913 5479005.346 35 27 60 13 6.25 25.2 2.5 10.3 0 14.3 "acidic"
315 667413.8522 5480856.906 13 41 29 30 5.73 44 4.1999998 17.5 133.2 26.1 "acidic"
316 667830.4146 5448853.003 3 32 27 41 7.21 22 2.0999999 64.5 583.4 22.2 "neutral"
317 661991.6365 5436764.583 11 36 56 8 7.15 18.7 2 83.7 614.5 21.1 "neutral"
318 655285.1287 5490700.461 6 4 9 86 5.63 7.8 0.7 45.7 82.7 5.1 "acidic"
319 655913.9545 5442698.56 17 25 58 17 7.01 13.6 1.4 28.1 183.2 12.5 "neutral"
320 649942.4985 5440625.594 6 38 48 14 6.4 26.3 2.7 37.4 257.7 21.5 "acidic"
321 644155.1721 5424547.785 6 22 68 10 5.92 16.3 1.7 55.8 191.1 10.4 "acidic"
322 640078.3636 5430493.202 6 49 45 6 7.72 19.8 2.0999999 0 264.4 24 "alkaline"
323 637333.6017 5486471.554 4 17 41 42 6.92 13.8 1.3 54.1 265.3 9.9 "neutral"
324 637448.8976 5478465.497 8 18 28 53 6.39 19.3 2 21.2 47.7 11.2 "acidic"
325 638188.8391 5424477.462 12 27 68 5 5.86 19.2 2.2 21.6 80.6 13.6 "acidic"
326 635792.1377 5452443.896 8 10 26 64 5.36 9.4 0.8 95.6 116.5 2.9 "acidic"
327 631951.7459 5440390.691 12 43 30 27 7.41 26.8 2.4000001 34.3 346 21.5 "neutral"
328 629056.8682 5508360.95 3 24 47 29 6.71 11 1.2 16.1 246.6 11.7 "neutral"
329 630005.1075 5436366.23 17 30 53 17 5.9 16.7 1.9 15.6 146 14.2 "acidic"
330 627666.125 5462337.496 8 18 36 46 6.68 34.6 3.5 45.7 106 21.9 "neutral"
331 625455.2119 5478312.69 13 25 25 51 6.91 38.1 3.7 24.1 148.7 24.5 "neutral"
332 625535.54 5472312.88 3 9 24 67 7.14 13.6 1.7 63.8 388.3 9.4 "neutral"
333 625771.4315 5454314.785 7 11 26 63 7.49 6 0.7 60.5 198 9 "neutral"
334 626008.8364 5436316.121 6 41 48 11 6.5 30.8 2.9000001 0 156.4 24.9 "acidic"
335 617326.8079 5488205.26 6 22 22 56 6.01 13.8 1.4 28.3 126.7 10.4 "acidic"
336 615225.8712 5496179.332 13 31 34 36 7.45 28 2.9000001 27.6 133.5 23.9 "neutral"
337 611225.0969 5496123.771 8 9 24 68 7.6 11.7 1.4 101.4 232.3 12.3 "alkaline"
338 607545.3688 5472075.654 5 13 37 50 6.24 12.5 1.5 64.9 308.4 9.2 "acidic"
339 605729.6611 5458053.721 12 74 23 3 6.5 53.3 5.9000001 0 269.8 54.8 "acidic"
340 599414.6395 5481970.53 26 42 53 5 7.12 45.2 4.5 28 258.2 37.6 "neutral"
341 599577.0691 5469973.304 13 23 35 42 7.05 14.5 1.5 32.9 263.9 13.7 "neutral"
342 595869.6034 5447892.905 3 20 45 35 7.46 10.1 1.1 19.3 120.8 13 "neutral"
343 591368.8004 5485864.321 3 19 74 7 7.91 11.4 1.4 26.3 161.7 16 "alkaline"
344 585398.2601 5483785.96 12 34 47 18 7.73 16.8 1.8 46.6 328.1 22.8 "alkaline"
345 583374.3029 5485760.654 12 38 58 4 7.5 37.3 3.5 13.3 185.8 40.7 "alkaline"
346 581586.0879 5469739.255 0 36 53 11 7.3 29.4 3 15.2 527.2 24.8 "neutral"
